9
0.000000 0.000000 0.000000 0.000000 0.000000 0.000000 0.000000 0.000000 0.000000
0.000000 0.000000 0.000000 0.000000 0.000000 0.000000 0.000000 0.000000 0.000000
0.000000 0.000000 0.000000 0.000028 0.000208 0.000028 0.000000 0.000000 0.000000
0.000000 0.000000 0.000028 0.011332 0.083731 0.011332 0.000028 0.000000 0.000000
0.000000 0.000000 0.000208 0.083731 0.618693 0.083731 0.000208 0.000000 0.000000
0.000000 0.000000 0.000028 0.011332 0.083731 0.011332 0.000028 0.000000 0.000000
0.000000 0.000000 0.000000 0.000028 0.000208 0.000028 0.000000 0.000000 0.000000
0.000000 0.000000 0.000000 0.000000 0.000000 0.000000 0.000000 0.000000 0.000000
0.000000 0.000000 0.000000 0.000000 0.000000 0.000000 0.000000 0.000000 0.000000
